19 14 4 3 34
42   52   12   -46  80   41   4    -74  9    -90   50   -92  87   -15 
46   -92  -43  16   21   41   -70  -11  61   -1    -32  4    12   56 
-72  -29  60   46   -83  80   -4   49   29   63    -72  -86  -60  86 
11   -23  -27  53   -10  -79  51   -64  96   -5    45   -73  53   62 
42   91   -101 51   91   -98  5    69   15   56    50   62   -2   86 
8    -47  11   -74  -17  -37  6    -37  -77  17    4    21   -22  -95 
101  -95  100  95   54   99   42   54   -51  -103  103  -21  -32  -92 
97   51   -96  -87  34   -40  -36  -45  77   55    3    -4   36   -63 
33   -69  -84  -70  -20  97   79   102  65   63    -28  -40  -102 32 
68   -38  -98  -27  103  -52  -46  -23  31   -56   83   29   26   95 
-43  12   -12  59   81   -103 87   48   50   75    98   103  2    36 
26   70   -89  -72  -6   2    96   91   91   -2    65   78   96   -90 
-5   -19  91   -80  -89  82   -91  -100 60   70    22   -23  77   -50 
97   28   53   96   8    -3   46   -6   42   -37   6    7    45   83 
65   92   72   103  -53  -13  95   13   -65  -65   40   102  3    -84 
1    -99  -66  47   -22  87   30   63   57   -85   39   48   76   38 
18   4    3    102  -68  -44  59   92   5    20    -58  50   35   101 
-96  58   -55  5    17   51   -68  86   2    -21   -30  102  29   -23 
-87  -69  26   39  24    -10  -100 20   -1   -7    23   45   103  38 
